 

Π Κ

,3 ⁴49⁷,26 177

γ, j 448
, 49887 176
³ ’49888 175
2493, 89 174
498, 30 178

qs v 37, 31 168
2.- V Lxx ot
mun 156
ὲ· Λάκωνες

498,- 179
Μαρικᾶς

499,1
499, 2
499, 3
500, 4
500,5
501,6
508,7
5038
15048 189
504‚10 199

192
193
180
190
181
182
183
194

r . 504,11808 J

504‚12 203
505,13 188
505,14 198
505,15 184
505,16 200
60587 204
505,18 195
506,19 197
506,20 185
50681 191
506,22 196
506, 23 186
507 ,24 201
507 ,25 187
Πολεις
508,1 281
509,2 232
509,3 230
509‚4 241
510,5 283
510,6 819
510,7 205
511,8 207
5188 814

518,10 808 ’
513,11 809 2

513,18 810
514,13 818
514,14 835

 

⁸) of. V xcxv.

Ι
ἰ

Μ

514,15 811
515,16 818
515,17 813
515,18 815
516,19 837
51680 838
51681 840
51688 839
51683 836
516,24 216
517,25 217
51786 880
517,87·881

51887ῑ>888
518, 28 206
518, 29 234
518, 30 223
519, 31 224
519, 32 226
51983 885
58084 848
520, 35 227
520, 36 228
V xcx 229

3 Προσκάλτιοι

 

 

521,1 243
5818 844
5838 846
583,4 845
584,5 848
524,6 249
- - 247
Ταξίαρχοι
585,1 850
525,2 253
5868 855
586,4 854

ι 588,5 857

588,6 868
5898 851

252
5898 856
589,9 864
589,10861
530,ι1859
531,18 858
531,13 263
531,14 860

<Dana

538,1 870
5388 866
533,3 869

 

CONSPEC'I'US

M K

533,4 868
534,5 875
534,6 867
5348 871
534,8 878
535,9 865
535,10 873
535,11 874
Χρυσοῦν
γένος

535,1 890
536,8 891
5368 898
537,4 876
538,5 877
539,6 878
5398 888
540,8 880
540,9 893
540,10 879
540,11 881
541,12 282
541,13 883
542,14 289
548,15 884
54386 886
543,17 894
544,18 896
544,19 887
54580 895
54581 300
54588 899
54583 897
54584 308
54585 301
54586 898

V Lxxxv 285

’Ἆδηλα

546,1 357
5478 351
548,3 303
549,4 356
550,5 304
551,7 306
551,8 305
558,9 361

· 55380 358

553,11 353
554,18 314
554,13 307
554,14 315
554,15 316

Μ Κ

555,16 317
555,17 318
555,18 313
556,19 319
55680 456
55681 308
55788 309
55783 358
55784 349
55885 380
55886 381
55887 *455
55888 388
559, 89 350
559, 30 383
559, 31 368
559, 38 ’384
560, 33 385
56084 386
56085 345
56086 311
56187 359
56188 387
56189 388
561,40 338
561,41 389
568,48 331
568,43 334
568,44 354
563,45 333
563,46 348
563,47 366
563,48 318
564,49 335
564,50 336
56581 337
56588 338
565,53 330
566,54 339
566,55 340
566,56 341
56687 348
56788 367
567,59 368
567,60 370
567,61 343
568,68 344
56883 369
56884 363
569,65 378
56986 411
569,67 458

XIII

M K

539,58 435
569,69 430
56980 393
570,71
57088
57083
570,74
570‚75
570,7ss
570‚78
571,79
571‚80
571,81
57188
57883
57884
57885
57886
57887
57888
573‚89
573,90
573,91
573,92
573‚93
573,94
573,95
573,93
573,97
573,98 418
573‚99 431
573‚100 387
574,101 417
574,108 414
574,103 398
574,104 396
574,105 489
574,106 410
574,107 439
574,108 365
574,109 436

373
41 6
447
374
412
426
375
390
37 1
403
404
407
408
434
440
377
385
382
364
392
372
438
450
402
419
400

574,110 380
574,111 388
574,118 401
574,113 433
574,114 406
574,115 480
575,116 453
575,117 488
575,118 381
575,119 483
575,180 485

