 

⁹ M K

1187,46 612

1187,47 613
1187‚48 614
118649615
118650 616
118651 617
118652 652
’118653 657

γ’ “ 118654 714
118655 914
118656 618

1189,57 593
1189,58 655
1189‚59 671
1190,60 619
119661 672
1190,62 620
1191,63 690
1191,64 621
1191,65 622
1191,66 623
1192‚67 624
1192‚68 625
1192,69 626
1192,70 627
1192,71 628
119332 646
119333 656
1193,ss 629
1193,75 630
1194,76 658
119437 631
1191438 632
1194,79 633
1194,80 634
1194,81 585
1195,82 594
n. 83 m. 726
n, 84: m. 900
1196‚85 635
1196,86 636
1197,87 696
1197‚88 637
1197,89 638
1197,90 4648
1 198,91 639
1198,92 674
1198,93 640
119694 641
1199,95,4660
1199,96 661
11199,97 673

 

Μ K

1199,98 685
1199‚99 691
1206100 692
1206101 959
1206102 912
1201,103 693
1201,104 697
1201,105 698
1201,106 699

1201,1ο7 642 ¹

1202,108 579
1202,109 675
1206110 643
1202,111 700
1206112 926
1206113 733
1206114 931
1206115 734
1206116 735
1206117 927
1206118 709
1206119 736
1204,120 737
1206121 738
1206122 739
1206123 708
1206124 740
1206125 710
1204,126 742
1206127 654
1206128 743
1206129 745
1206130 746
1206131 747
1206132 712
1206133 748
1206,134 749
1206,135 750
1206,136 724
1206,137 702
1207,138 751

’1207,139 663

1207,140 754
1207,141 752
1207,142 755
1207,143 756
1207,144 758

833
1206145 934
1206146 760
1206147 761
1206148664

CONSPECTUS

M K ·

1206149 762
1206150 715
1206151 763
1206152 917
1206158 910
1209,154 764

1209,155 765 ,

1206156 716

1209,157 766 ³

1209,158 767
1209,159 768
1209,160 769
1216161 721
1216162 772
1216163 773

1216164 774 «
1216165 778 ,

1216166 779
1216167 780

’ 1216168 782

1216169 783
1216170 784
1211,171 785
1211,172 786
1211,173 787
1211,174 788

887
1211,175 789
1211,176 790
1211,177 718

178-u 3

1211,179 916
1211,180 703
1212,181 719
1212,182 720
1216183 791
1212,184 792
1216185 793
1216186 794

1212,187 795 ¹
1216188 796 ,
1216189 704 ἶ
1216190 722 ζ

1216191 797
1216192 923
1216193 662
1216194 798

 

Μ Κ

1214,200 805
1214,201 807
1216202 808
1216203 809
1214,204 810
1216205 811

1216206 841 j
1215,207 812 v

1215‚208 813
1216209 814
1216210 815

1216211 816 ¹

1215‚212 817

1216213 725 ,
1216214 819 ῑ

1216215 820
1216216 821

1216220 825
1216221 827
1216222 744
1216223 665
1216224 829

1216225 830 ἱ

XVII

Μ K

1216252 855
1216253 857
1216254 858
1216255 859
1226256 728
1226257 860
1226258 861
1226259 968
1226260 868
1226261 869
1226262 871
1226263 706
1221,264 870
1221,265 872
1221,266 873

3 1221‚267 874

ζ 1221,268 730
1216217 822 ·
1216218 823 ξ
1216219 824 ,

1221,269 875
1221,270 876
1221,271 878
1221,272 880
1221,273 731
1226274 879
1226275 881

4 1226276 882

 

1216226 717 ι
1217,227 831 ξ
1217,228 918 ,
1217,229 832 ἢ 1226281886
1217,230 834 1 1226282 888
1217‚231 942 i 1226283 707
1217,232 835 i 1226284 891

1226277 883
1226278 732
1226279 884
1226280 885

1217,233 666 3» 1223,285 8963
1217,234 727 - - 589

1217,235 836

·-— 644

1216236839 ἶ --6445691

1218337 840

V 72‚238 856 i
³ Vcnv111.1x649

1216239 842
1216240 843

1216241 863 ³
1216242 845 ,

1216243 846
1216244 847
1216245 945
1216246 849

1216195 799 Ι 1216247 850
1216196 940 z 1219,248 705
1216197 924 1216249 851 1 — — 729*)
1214‚198 802 ι 1216250 853 1
1216199 804 1 1216251 854 1

⁸) exstat etiam apud Dindorfium in ed. Poec. scaen. noviss.
Comici graeei, ed. Th. Kock. 1.

 

b

V cnv111 645 ‚

(ΧΗ m.)

V cnvm 650
-· - 653
- — 659
-· -- 667
V cmx 668
- -- 669
·- - 670
-- — 676
— — 701

-——- 741
—- 753

