CONSPECTUS 1 X

’  M K M K M K M K M K

953 143 1223 187 15531 231 18138 331 20130 368
963 141 1233 188 15632 230 18139 344 20131 422
’973 135 12330 200 15733 234 18230 281 20132 423
973 136 123,11 198 15834 247 18231 433 20133 347
983 146 12432 197 15835 246 18232 321 20234 424
9930 137 12533 195 15836 245 183,23 302 20235 425
9931 147 12634 196 15837 242 18434 282 20236 427
10032 148 12635 192 15938 249 18435 415 20237 428
> v 10033 150 12736 193 15939 243 18436 283 20238 316
55. 10034 149 12737 189 16030 248 18437 295 20339 431
’ , 10035 144 12938 190 16031 244 18538 444 20330 348
· 10136 145 12939 191 16132 237 18539 304 20533 437
101,- 459 13030 194 Ὧραι 18630 381 20632 286
Πανόπται 13031 201 1623 259 18631 311 20633 440
1023 155 13132 202 1633 256 186329 378 20634 441
1023 153 13133 203 1643 260 187329 389 20635 442
1033 154 13134 204 1643 250 187339 337 20636 457
1043 151 Σερίφιοι 1653 255 187331) 312 20637 350
1053 152 1323 207 1653 251 18834 332 20738 445
1063 156 1333 208 16531) 266 18835 373 20739 446
1063 159 1353 209 1663 258 18836 374 20730 447
1063 157 1363 206 1663 252 18837 376 20731 351
1063 158 1363 309 1673 257 18838 339 20732 352
- moino» 1373 211 16730 253 18839 379 20833 449
1073 164 1373 210 16731 254 18930 284 20834 439
1083 165 1383 212 16832 267 19031 380 20835 369
1093 161 1383 215 16833 261 19032 343 20936 353
1093 163- 13930 217 16934 262 19033 385 20937 430
1093 162 14031 205 16935 268 19034 386 20938 354
1103 160· 14032 216 16936 270 19035 387 20939 429
1103 166 14033 214 16937 271 19036 367 209300 453
1103 167 - - 213 17038 269 19137 388 209301399
1103 168 Τροφώνιος 17039 265 19138 342 209302 287

Πυλαία 1413 221 17030 264 19139 319 210303 407

 

 

111,1 169 141,2 218 170,21 272 191‚50 375 210‚104 403
112,2 171 142‚3 220 171,22 263 192,51 323 ’ 210,105 392
113,3 172 142,4 219 ’Ἇὸηλα 194,52 324 21Ο,106 413
113,4 170 142,5 224 172,1 329 195,53 294 210,107 288
114,5 173 143,6 225 172,2 426 196,54 383 210,108 400
114,6 175 143,7 226 l73‚3 322 196‚55 390 211,109 432
114,7 174 143,8 227 173,4 293 196,56 395 211,110 370
, < 114,8 180 143,9 223 174,5 306 196,57 402 211,111 297
114,9 177 144,10 222 175,6 328 197,58 404 211,112 371

 

 

 

11530 179 Χείρωνες 1763 394 19739 405 212313416
11531 178 1453 238 1763 345 19730 408 212314435
11532 176 1463 239 1773 301 19831 338 - - 434
Πυτίνῃ 1473 240 17730 313 19832 315 212315 372
1163 181 1483 241 17831 280 19833 298 - - 436

117,3 ,183 150,6 229 178,13 330 199,ὃὸ 336 212,117 452
118,4 185 ’ 151,7 232 179,14 320 5 199‚66 335 213,118 414
118‚5 184 152,8 233 179,Ῑὸ 421 ⁸ 200,67 418 213,119 420
119,6 199 153,9 235 179,16 273 200,68 419 213,12Ο 398
119,7 186 154,10 236 ἰ 181,17 314 200,69 462 213,121 454

ἕ 117,2 182 149,5 228 178,12 303 (deest 64) 212,116 275

 

κχ”

