,ι’

f*

 

M Κ

6673 159
66730 156
667,11 158
667,12 155

Σύρφαξ
667,1 164
6682 161
6683 160
668,4 163
6683 165
- -- 162

‘ Ῥπέρβολος

669,1 168
670,2 166
670,3 167
671,4 169
671,5 171
672,6 172
672,7 170
Φάων
672,1 173
674,2 174
676,3 175
677,4 178
677,5 176
677,6 177
678,7 181
678,8 182
678,9 180
678,10179
678,11.264
Ἄδηλα
679,1 183
6792 184
6803 186
681,4 185
6823 188
6693111187
6833 191
6833 208
6843 189
68430194
685,11195
68532 211
685,13196
68534193
68535190
686,16 204
686,17198
686,18192
687,19 209
687,20197
687,21201

 

Μ Κ

687,22 202
68823 210
68824 212
68925 229
68926 233
- 68927 249
68928 213
68929 100
69030 214
69031 266
69032 215
69033 216
69034 217
69035 240
69036 242
69137 255
V 50‚38 223
69139 205
691,4ο 250
238

691,41 218
692,42 219
692,43 220
692,44 244
692,45 207
693,46 206
69337 248
693,48 247
693,49 234
224
69330 235
69331 246
69332 245
69333 221
69334 222
69335 251
69336 230
69437 254
69438 259

69439 225 ·

69430 226
695,61 227
69532 228
69533 231
695,64 232
69535 237
(66 deest)
69537 252
69538 256
69539 243
69530 241
-,71 111239
69622 200

696,7 269 ὲ

 

 

CONSPECTUS

M Κ

mex.c 199
X1v m. 258
111131 260
- - 203
- - 236
- — 253
- - 257
— — 261
-- -· 262

.--267

- —- 268
623 263
678 265
Aristonymus
Θησεύς
698, - 1
’“Ήλιος ῥιγῶν
698,1 2. 3
699,2 5
699, 3 6
699, 4 7
699, 5 4
Ἀὃηλα
700,1 8
700, 2 9
Amipsias
Ἀποκοτταβί-
ζοντες
701,1 1
701,2 2
702,3 4
702,4 3
702,5 5
[Κατεσθίων]
7 Ο3.- 9
Κόννος
703,1 9
704,2 10
705,3 7
705,4 8
706,5 11
706,6 12
Μοιχοί
706, l 13
7 06 2 14
707, 3 15
Σαπφώ

707,-16 ”

Σφενδόνη
707,1 19
708,2 18
7083 17
709,4 21

7093 2ο “

 

Μ Κ 1
’Άὸηλα ³
710,1 22 1
7112 24 ;
7113 25
711,4 35 1
7113 26 ,
7123 23
712,7 27
7123 36
7133 34
713,1030 1

713,1137 1
71332 28 ς
713,1338 1
71334 29
71335 31 ,
714,16 32 ’
714, 17 33
Archippus 3
Ἀμφιτρύων 1
715,1 1
715,2
7153
716,4
716,5
716,6
716,7
Ἡρακλῆς
γαμῶν 2
716,1 8
7172 11 ἶ
7173 10 1
717,4 9
718,5 12
718,6 13 1
Ἰχθύες ,
718,1 25 ἒ
7182 27 1
7203 14 1
720,4 15
7213 24
7213 23
721,7 20
7213 16 1
722,9 17 1
722,1026
722,1119 1
722,1218
7233321 ³
723‚1429
723,1528
723 ,1631
723,1732 V
723’ 1822 Ι

b*

»ῥΦωΟῑαὶῑΦ

1

XIX
M Κ

1 724,19 30
ῐ Ὄνου σκιά

724,1 33
7242 34
Πλοῦτος
724,1 36
7252 35

g 7253 37

725,4 38
7263 39
Ῥίνων

³ 726,1 40

7262 41
7263 42
’Ἀδηλα
727,1 43
7272 44
7273 45
728,4 46
7283 54
7283 50

, 729,7 51
3 729,8 49
3 729,9 47

729,10 48

« 729,1152
· 729,12 53

Aristomenes
Βοηθοί
730,1 1
730,2 2
731‚3

; 731ἕ4 Ξ

Γοητες
732,1 5

¹ 7322 6

7323 7
732 ,4 8
732 ,5 9
732 ,6 10
Διόνυσος ἆσκ.
733,1 11
733 ,2 12
734, 3 13
’Ἀδηλα
734,1 14
7342 15
7343 16
Gallias
Ἀταλάντη
735, — 1

1 Κύκλωπες

735,1 3
736,2 5

