X1v CONSPECTUS

M K ff M K M K M K M K
575221427 Μονότροπος 604,8 67 954,4 24 975,1o 84
575222 428 5372 18 6042 62 9542 27 97521 80
575223 432 5882 20 60520 80 9542 2ο 97622 35
575224413 5892 21 6052163 9542 21 97623 91
575225 386 5392 22 60522 64 9552 29 97624 78
575226 441 5902 23 60523 65 9552 36 97625 68
575227 442 5902 24 60624 70 9562032 97726 69
575228 443 590,7 25 60625 82 9562128 97727 36
575229 444 5902 26 60726 71 9562237 97828 70
575230 445 591,9 28 60727 72 95623 35 97929 71
575231446 59120 29 60828 76 9572419 97920 72
576232 409 5912127 60829 75 95725 25 97921 73
576233 449 . 5912230 60820 73 95726 34 98022 74
576234 451 5922319 6082179 95827 26 93023 75
576235 391 Μοῦσαι 60822 78 95828 30 98024 76
576236 395 5922 31 60823 77 95829 31 98125 77
576237 394 5932 32 60324 74 95920 33 98126 37
576238 399 5932 33 V xcv1 81 95921 39 93127 81
576239 397 593,4 34 I 159 83 95922 33 98228 ’82
576240 405 5942 35 1160 84 6132 40 98229 92
576241421 Μύσται 1160 85 Ἀνάγυρος 98220 89
576242 383 594,1 36 1 160 86 961,1 41 98221 90
577, -454 5942 37 - - 87 9612 42 98322 93 «ῑ
VLxxxv11355 Ποάστριαι 1159 88 961,3 43 983,33 94
VLXV11.X<:360 5952 38 1159 89 9612 62 98324 95 ῑ
νικκκιι 458 5952 40 Ι 159 90 961,5 60 98325 96 ,²
n. 22 m. 459 5962 43 - - 91 961,6 53 98326 93 i
- - 379 5962 42 1159 92 961,7 51 98327 99 Ξ
— — 389 5962 39 1159 93 9622 52 Γεωργοι j
— — 424 5962 41 1159 94 9622 45 935,1 100 ξ
- - 437 Σάτυροι 1159 95 9622050 9862 103 ἓ
n. 418 m. 422 596,1 44 Aristophanes 962‚1153 9862 113 4
Phrynichus 5973 45 Αἰολοσίκων 963,1261 986,4 117
Ἐφιάλτης 5932 47 9432 13 96323 46 9872 119
5302 3 593,4 46 9442 2 9632447 987,6 120
5812 1 5982 49 9442 3 9632548 987,7 102 ,
5812 2 5982 48 9452 7 96426 44 9372 109 ’
5822 4 Τραγῳδοί 9452 4 96427 49 9882 101
5822 5 5992 57 9452 5 96428 54 93920103

Κάννας 5992 50 9462 1 9652955 98921104
5822 6 5992 53 9472 9 96520 59 99022105
5822 7 599,4 51 9472 6 9652156 99023110
5832 8 6002 52 94720 8 96522 57 990,14111

Κρόνος 600,ss 54 9482110 chxv1163 990‚15107
583,1 9 600,7 56 9482211 Βαβυλώνιοι 991,16106
5832 11 6012 55 949,1315 9722 67 99227112
5842 12 ”Asnam 9492416 9722 64 99228113
5842 13 601,1 69 9492514 9732 88 99329114
5842 10 6022 58 9492617 9742 97 99320121
Κωμασπαί 6032 59 9492712 9742 337 99321124
586,1 15 603,4 68 Ἀμφιάρεως 974,6 65 99322122
5872 14 6042 66 9532 18 9742 79 99323123
5872 16 6042 6ο 9532 22 9752 66 99424116

5872 17 6042 61 ι 9532 23 9752 83 4 99425115

 

