M K

t. ’8163 64
, · 8173 67

8173 68

, f‘ ,8173 72
8173 75

8183 69
8183 70
8183 71
81830 74
81931 73
819‚12 66
819,13 65
82034 89
82035 92
82036 91
82037 98
82038 90
82139 76
82130 88
82131 97
82132 83
82133 82
8213437
82135 99
82136 81
82237 85
82238 86
82239 78
82230 96
82231 94
- 82232 87
823,33 84
82334 95
82335 93
‚ 82336 80
82337 79
Alcaeus
Ἀδελφαί
824,- 1

Γανυμήδης
8253
8253
8263
8263

 

8263
8263
8263

Φῆωσδῆὶῢῑωῑθ

8263

Α Ἐνδυμίων

827,1 10
8283 18
8283 12
828,4 11

Μ Κ
Ἶερὸς ’γάμος
828,1 14
8293 15
8293 16
Καλλιστώ
829,1 17
8303 18
Κωμῳδοτραγ.
8303 19
8303 21
- -20
Παλαίστρα
8313 22
8313 23
8313 24
8323 25
Πασιφάη
8323 26
8323 27
V56‚3 28
’Ἀδηλα
8323 36 >
8333 35
8333 29
8333 33
-.833‚5 30
833,6 31
834,7 32
8343 34
xv 1293?
- - 38
— — 39
Gantharus
Μήδεια
8353 1
8353 3
8353 2
8353 4
Τηρεύς
8363 5
>8363 6
8363 7
’Ἄδηλα
8363 8

0

9
Diocles
Βάκχαι
8383 1
8383 2
8383 4
839,4 3

Θάλαττα
839,- 5

 

CON SPE GTUS

M Κ

Μέλιτται
8393 7
8393 6
8403 8
8403 9
8403 10
8403 11
8403 12
8403 13
’Ἁδηλα
841,1 14
8413 18
8413 16
——— 15
—- ——- 17
Nicochares
’Λμυμώνη
842,- 1
Γαλάτεια
8423 2
8433 3
“Ηρακλῆς
γαμῶν
843‚— 4
“Ηρακλῆς χορ.
8433 5
8443 6
Κένταυρος
8443 8
8443 7
Κρῆτες
844,- 9
Λάκωνες
845,- 10
Λήμνιαι
8453 11
8453 13
8453 12
’8453 14
”Ama
8463 15
8463 19
8463 16
8473 18
8473 20
8473 17
8473 21
Nicophon

Ἀφροδίτης 1

γοναί
848,1 1

8483 2 ³
³ 8623 11

849,3 3

8493 4 1

 

 

M K
Πανδώρα
8493 5·
8502 6

8503 10 «

8503 9
8503 8
8503 11
8503 7
Σειρῆνες
850,1 12
8513 13
8513 14
(Έγ)κειρογά-
στορες
8523 19
8523 15
8523 16
8533 18
8533 17
8533 20
8543 21
’Ἀδηλα
8543 22
8543 23
8543 24
8553 27
8553 25
8553 29
8553 26
8553 28
Eumicus
’Ἄντεια
856,- 1
Philyllius
Αἰγεύς
8573 1
8573 2
Αὔγη
8573 3
8583 4
8583 5
Δωδεκάτη
859,- 7
Ἡρακλῆς
859,- 8

ᾗ Πλύντριαι

860,- 9
Πόλεις
8613 13
8623 10

8623 12

 

XXI

Μ Κ

8633 14
8633 15
8633 16
8633 17

ἱ Φρεωρύχος

8633 18
8643 19
8643 25
’Άδηλα
8643 20
8653 21
8653 27
8653 22
8653 23
V57‚6 26
8653 24
8663 29
8663 30
86630 31
8663133
86632 32
86633 28

Polyzelus
Δημοτυνὸά-
oscos
8673 3
8673 1
8683 2
8683 4
8693 5

Διονύσου
γοναί
869,- 6
Μουσῶνγοναί
8693 7
8703 9
8703 8
, 8713 10
’Ἇδηλα
8713 11
8713 12
Sarmyrio
Γέλως
8733 1
8733 3
8733 2
8743 4
8743 6
8743 7
5
8
9

