XX

M

736,3
737‚4
737,5
737,6
737,7
738,8
7385 10

Πεὸῆται
788,1 11
730,2 12
739,3 13
739,4 14
739‚5 16
740,5 17
740,7 18
740,8 15
’Ἇὸηλα
740,1 20
740,2 21
741,3 10
741,4 24
741,5 30
741,6 26
741,7 22
741,8 27
742,9 25
742,10 28

ωιοιο-κιιμσπιῆ

742,11 29
742,12 31

V 52 32
V 021111 23
— -- 33
Heyemon

Φίλιννα
743, - 1

Lysippus

Βάκχαι
744,1 1
744,2 2
745,3 3
745, 4 5
745, 5 4
745, 6 6

Αδηλα
746, 1 7
748,2 9
748,3 8

Leuco
Φράτερες
749,1 1
750,2 2
750,3 3

⁴

CONSPEOTUS

 

Μ Κ Μ K '
Metaqenes 769,3 20
Αὖραι 76924 19
7515 4 769,5 18
752,2 3 769,6 16
752,3 2 770,7 17
752, 4 1 770, 8 21
753, 5 5 V 53 15
Θουριοπέρσαι Λημνομέδα
753,1 6 771,1 22
754, 2 7 771, 2 25
754,3 8 771, 3 23 ¹
754, 4 9 772, 4 24
1’Όμηρος Μακεδόνες
755,1 10 772, 1 30
755,2 11 773,2 28
Φιλοθύτης 773,3 31
756,1 14 773,4 32
758,2 13 774,5 26
758, 3 12 774,6 29 ,
758, 4 15 774‚7 27
’Άδηλα Μήδεια
759,1 16 775, 1 33
759, 2 17. 18 776, 2 34
760, 3 19 776, 3 35
Aristagoras Μυρμιδόνες
Μαμμάκυθος 775, - 36
761,1 2 Ποτάμιοι
761,2 1 776,1 87
761,3 4 777 ,2 38
762,4 3 777’ ,3 30
762,5 7 Πύτισοςςῗ)
762,6 5 778,- 40
762,7 6 Τρώιλος
δὺναύτὶε 778,1 41
Ἄνθρωπορραί· 779,2 42
στης Φιλοκτήτης
763,1 1 779,1 44
764’2 2 779,2 43
Ἀταλάντη Φοίνισσαι
764,1 3 780,1 45
766,2 4 781,2 46
7665 9 7815 47
766,4 8 782‚4 49
766,5 5 783,5 48
766,6 6 783,6 50
766,7 7 Χρύσιππος
Ζωπνρος 783,1 51
767,- 10 783,2 52
. Καλλιππίδης V cxvn 53
767,1 11 Ψυχασταί
768,2 12 784,1 57
Κινησίας 784,2 58
“ 768,1 13 785,3 59
768⁷ 2 14 ι 785, 4 54 1

Μ Κ

786,5 55
786,6 56
’Ἀδηλα
787,1 66
787,2 60
788,3 61
788,4 62
788,5 53
780,5 65
780,7 64
790,8
790,9
790,10 73
790,1171
700,12 70

67
68

701,18 75
791,14 72
701,15 74
791‚16 79
791,17 78
701,18 80
791,19 77
791, 20 76

:symponum

Ἄδμητος
792, —- 1
Ἀλθαία
792,1 2

7032 3

Ἀφροδίσια

703,1 4
798,2 5
7943 6
Eccum
794,1 7
795,2 8
795,3 9
795,4 11
796,5 10
796,6 12
Ηδυχᾶρης
796,1 13
796,2 15
797,8 14
797,4 16
Θησεύς
798,1 17
798,2 19
799,3 18
799,4 20

, Κάλλαισχρος
1 799,1 23

799, 2 22

  

1 7οὶξιὲ(ἱχὶ

&⁸1
8οιξμς

8015 ὲ

ΙΙΙΙΙΙ

Πανταλω

8005. Ψ
800,2 48*

Πηνελόῆ

810,1
810 ,2

47

η’ T* ξ’.

810, 8 49ί»ζ

l

 

