‘s coNSPECTUs XI

M K , M K M 1 M K M

³54 3148 117 34585 218 35589 ’3ο 3678 15 3818
31480 118 345,16 187 35570 195 qumivsag 381,4
316‚11 119 345,17 188 3558114234 36811 23 3828
31582 125 345,18 183 356,711>236 3582 24 382‚6
2815,13 124 346,19 246 356,710204 363’3 25 382,7
- , Πέρσαι 34680 157 35682 212 368ζ4 27 Ἀρτοπώλιᾶες
815,1 130 347,21 198 356,73 226 36915 22 38311 8
8183 131 347,22 196 356,74 209 36916 29 38412 10
319,3 132 347‚23 162 366‚75 178 3593 30 3843 11
’ ’ 320,4 127 347,24 199 356,76 227 36913 26 38414 12
3208 128 34785 186 356,77 207 -369‚9 23 334‚5 9
320,6 129 348‚26 201 357,78 168 Στε ot 385,ss 13
3208 126 ,34887 200 357,79 219 389 199 81 Ambrae
321,8 133 348,28 203 357,80 169 , 370’2 32 8851 11
Πετάλῃ 34889 176 35781 247 370’3 34 335’2 18
321,1 134 34880 163 35782 193 370⁷4 33 386’3 15
3228 135 34981 191 35883 239 »Α’δηχα 386’4 22
3228 139 34982 164 35884 170 371 1 41 887’5 18
322,4 140 34983 165 35885 202 3712 39 387’5 17
3238 138 35084 190 35886 180 372’3 40 387’7 20
3238 136 35085 221 35887 171 3722 12 8878 21
323,7 137 35186 197 35988 248 373’5 43 388’9 19
Τυραννίς 351,37 210 359,89 181 ,373'6 44 388’1023
.324,ι 143 35188 211 35980 158 574’4 88 Μ’ ώπ
3258 141 35189 213 36081 172 375‘8 37 338⁹- 2⁷⁷4
3258 142 35180 216 36082 215 375’9 35 &⁹⁸05
326,4 144 351‚41 217 36083 182 375’10 36 8891 25
Χείρων 1 35182 166 -— — 194 378’11 45 389’2 28
326,1 145 351,43cf.88 —- ψ 249 371212, 83 390‘3 30
335‚2 152 352,44 177 - - 250 ’ ’
3358 153 352‚45 220 Teleclides
336,4 147 352,46 222 Ἀμφικτύονες
3378 150 352,47 224 361,1 1
3388 148 35248 228 3638
3388 146 35389 231 3638
3398 149 35380 232 364,4
3398 151 35381 167 3648
Ψευδηρακλῆς 353,52 233 364,6
34ο,- 154 35383 235 365,7
’Ἀδηλα 35384 238 3658
341,1 179 35485 184 3658 9
341‚2 159 35486 240 Ἀψευδεῖς
3418 175 35487 241 3658 10
342,4 173 35488 242 3658 12

        

. ζμ

‹lv-atomum

37612b 62 390,4 29
37613 48 3908 31
376,14 52 3918 27
376,15 53 391,7 32
376,16 54 3928 28
376,17 46 3928 34
377,18 50 3928033
377,19 58 Κέρκωπες
377,20 60 393,1 35
37731 64 3938 37
37732 65 3948 36
378,23 66 3948 39
37834 55 3948 40
378,Ξὸ 57 3948 38

-ᾱωσθωιθῡϊρ

3428 155 35489 243 3668 13 ξξξξξ ἓξ Μοῖραι
3428 156 35480 244 meetso 11 373‘23 58 395,1 46
343,7 160 35481 245 Ἡσίοδοι 37929 59 39⁷‚2 47
3438 174 35482 205 366,1 14 379’30 81 3998 45
3438 208 35483 214 3668 19 374’31m47 399,4 41
343,10 230 35484 229 3668 16 ’ · 4008 43

34481 237 35585 206 3678 17 Hermippus 4008 44
3448261118 35586 223 3678 18 Ἀθηνᾶς γοναί 401,7 42
34483 192 35587 189 3678 21 380,1 4 4018 49
34484 161 35588 225 3678 20 3818 3 4018 48

