Conspectus

numerorum huius editionis et Meinekianae maioris (M). Meinekianae

numerus prior est paginae (Vol. Il), posterior fragmenti. numeri Romani-
sunt voluminis quinti (V) fragmenta, ab Henrico Iacobi addita ea quae

. ι. ,Μι- ,ι-μᾼιῗῇι-ιάᾱ

binis numeris Romanis significantur. m. est editio Meinekii minor.

 

M Κ M Κ M Κ M Κ M Κ
Susarion 16,2 2 Διδασκαλ. 60,6 66 80,9 104
Chionides 17,3 6 36,— 36. Θρᾷτται 80,10 105
’Ἠρωες 18,4 7 Διονυσαλέξ. 61‚1 71 80, 11 106
5,1 1 19,5 8 37,1 38 62,2 74 Νέμεσις
6,2 2 2Ο,6 5 38,2 37 (33,3 73 80,1 107
6,3 3 20,7 3 38,3 45 (33,4 72 82,2 108
Πτωχοί 2ο,8 9 39,4 44 64,5 83 82,3 113
6,1 4 22,9 10 40,5 43 64‚6 76 82,4 114
6,2 3 22,10 4 41,6 39 65,7 81 82,6 109
7’3 6 28,11 13 41,7 40 65,8 79 83,6 116
8,4 7 24,12 14 41‚8 41 65‚9 82 84,7 112
’Ἀᾶηλα 24,13 11 42,9 42 65,10 77 84,8 115
V 14,1 8 24,14 12 42,10 48 66,11 78 84,9 110
9’2 9 Βουκόχο, 42,11 47 66,12 8ο 85,10 111
Διόνυσος 27⁹2 ¹5 Δραπέτιδες 66,14 75 85‚12 118
9,1 2 29²3 17 43,1 57 Κλεοβουλῖναι 86,18 120
10,2 1 30’4 ,6 49,2 58 68,1 85 86,14 119
Λυδοί 30'5 19 44,3 56 6912 86 Νόμοι
1ο,1 3 30’3 20 46,4 53 69,3 87 86‚1 122
10,2 4 ’, 465 54 69,4 88 ,872 127
Ποάστριαι ξξυσιρέξ 47ζ6 55 7ο,5 89 87Ῐ8 128
11,- 5 ‚— 48,7 52 70,6 93 88,4 129
Τιέακωης Δηλιάδες 48,8 49 7ο,7 94 88,5 126
10‚— 6 31‚1 30 49,9 50 7l‚8 92 89,6 123
’Ἀῖῖηλα 33,2 31 51,10 51 71,9 9ο 90,7 124
11,- 7 33,3 25 51,11 62 717 10 91 90,8 125
Εορῖἶιαηίὶἀεε 33,4 26 52,12 59 decumus 90‚9 138
Σάτυροι 34,5 22 52,13 63 72,- 95 91,10 131
12, - 1 35,ss 23 52,14 60 Μαλθακοί 92,11 121
”doma 35,7 27 53,15 61 72,1 98 92,12 180
12,1 2 35,8 28 53’, 16 64 74,2 97 92, ’18 132
13,2 3 35,9 29 Εὗνεῖδαι 74,3 99 93,14 134
14,3 4 35,10 32 56,1 65 75,4 96 ’ὀδυσσῆς
14,4 5 36,11 34 57,2 69 77,5 100 94,1 138
Cratinus 36,12 35 57‚3 70 78,ss 101 94,2 139
Ἀρχίλοχοι V 16,13 33 59,4 67 78,7 103 94,3 140
15,1 1 V16,14 24 59,5 68 79,8 102 95,4 142

