ΧΠ

Μ Κ

Στρατιῶται
4ο2,1 58
4ο3,2 56
4ο3,3 55
4ο3,4 57
404,5 54
4ο5,6 53
4ο5,7 52
4ο5,8 5ο

4ο6,9 59 1

4ο6,1ο 51
406,1160
Φορμοφόροι
407,1 63
4ιο,2 82
411,3 62
412,4 61
412,5 65

412,6 67
412,7 64

416’,9 95
416,1ο 88
416,11 92
416,12 93
416,13 85
417,14 86
417,15 87
417,16 84
417,17 89
417,18 90
417,19 91
417,2ο 94
417,21 97
—- — 98

 

 

 

Π K
Myrtilus
Τιτανόπανες
418,1 1
419,2 2
419,3 3
’Ἄδηλον
419,- 4
Philonides
Κόθορνοι
421,1 5
422,2
422,3
422,4

A γες

426,1 14

428,2 1
429,3 7
429,4 8

¹ 429,5 15
’ 43ο,6 5
¹ 43ο,7 28

43ο,8 6

’ 439,9· 13

43ο,9ῑ> 2
431,1ο 3
431,11 17
431,12 4
432,13 11
432,14 9
433,15 10
433,16 16
433,17 12
433,18 3ο
433,19 19
433,2ο 27
434,21 29
434,22 2ο
434,23 23

2
a
1
422,5 4 .
6
7
8

CONSPECTUS

MK

434,24 24
435,25 18

435,26 2625

435,27 21
435,28 22
Ἀστράτευτοι
435,1 31
436,2 41
437,3 32
437,4 36
438,5 37
438,6 38
4383 84
439,8 33
439,9 39
439,1ο 40
anvm 85
Αὐτόλυκος
440‚1 52
441,2 47
441,3 48
441,4 46
442,5 42
442,6 58
442,7 43
442,8 49
443,9 50
444,1ο 44
444,1144
444,12 45
444,13 53
444,14 51
444,15 59
445,16 57
445,17 56
445,18 55
446,19 54
446,2ο 6ο
446,2161
446,22 67
446,23 65
446,24 63
446,Ξὸ 62
446,26 64
44637 68
Βάπται
447,1 77
447,2 79
447,3 68
448,4 69
448,5 89
448,6 73
449,7 7ο
449,8 81

Π
45ο,9
45ο,1ο
45ο,11
45ο,12
451,13
451,14
45215
453,16
453,17
453,18
45 4,19
454,2ο
454,21
454,22

1

88
84
88
78
74
82
72
78
75
7 1
80
88
85
87

Δῆμοι

456,1
457,2
457,3
457,4
458,5
458,6
46ο,7
461,8
461,9
463,1ο
463,11
464,12
464,13
465,14
466,15
467,16
467,17
467,18
468,19
469,2ο
47ο,21
47ο,22
471,23
471,24
472,25
472,26
472,27
47328·
473,28ῠ
473,29
473,3ο
473,31
473,32
474,33
474,34
474,35
475,36
475,37
477,38

1 18
90
92
91
98
94
96
95
98
99

104

105

100

810

117

118

121

108

119

120

107

108

101

115

114

109

110

185

188

111

128

184

112

128
97

122

124

102

108

479,89 125
479,4ο 12⁸
479,41 127
479,42 119
48ο,43 139
489,44 129
489,45 131
48ο,46 192

Auctio*
480,— 188

Δίας
48ο,- 137

Εἵλωτες
481,ι 138
481,2 143
481,3 ’· 139
482,4 141
482,5 144
482,6 149
483,7 142

Klete(

484‚-- 145 ’

Κόλακις
484,1
486,2
487,3
487,4·
48⁷‚4b
488,5
489,8
489,7
4898·
49ο,81>
4903*ι
49ο,8«ι
490,9
499,1ο
491,11
492,12
492,13
492,14
493,15
493,16
494,17
494,18
495,19
495,2ο
49631 179
496,22 171
497,23 415
497,24 384
49735· 153
497351» 152

159
169
192

178
181
189
848
184
185

187
157
148
147
148
847
150
149
154
188
158
155
151

172 .

166

a. nvsm unffi—mu—-m . ..κ n . ι

