 

Κ l

Γῆοας
995,1 139

- 9963 135

9963 136
9963 133

59973 141

9973 140
9973 143
9973 133

’ · 9983 134

99930 137
99931 138
99933 144
99933 138
99934 135
100035 136

⁴ 1000,16 137

100037 130
100138 131
100339 139
100330 145
1002,21 146
1002, 22 147
1002, 23 148
1002, 24 143
Γηρυτάδης
1005,1 149

»ς 10053 150μ
,10073 157

10073 156
1008,5 163
10083 158
10083 159
10083 154
10093 151
100930 153
100931 155
100933 165
100933 160
101034 166
1011,15 167
101136 153
101137 164
101138 173

⁴ ’ 101339 168
’ , 101330 169
33 '. 101331 170

1012,22 161

’ ” 1012,23171

1013,34 174
1013,25 175
1013‚26 176
1013,27 177
101338 178

Μ Κ

1013,29 179
101330 180
101331 181
1014,32 182
101433 183
1014,34 172
101435 163
Δαίδαλος
1015,1 184
10163 194
10163 187
10163 185
1016,5 186
1018,6 189
1018,7 190
1018,8 191
10193 188
101930 193
1019,11 195
101933 196
101933 197
103034 193
Δαιταλῆς
10363 334
10373 303
1027,3 206
1037,4 305
10373 334
1028,6 213
10383 314
10393 315
10473 51339
103930 303
103031 300
1030,13 304
1030,13 223
103134 336
103135 333
103336 198
103737 331
103838 309
103839 316
103930 318
103931 317
1040 ,22 220
1040, 23 219
1041,24 225
1041,25 201
1042, 26 210
104337 311
104338 313
104339 307
104330 308
1044,31 230

CONSPECTUS

M Κ

104433 337
104433 338
104534 333
104535 331
104636 336
104637 338
1046,38 239
104639 340
104630 341
104631 343
1046,43 343
1046,43 344
104634 337
1047,45 335
104736 333
V cxxxm 199
Δαναΐδες
1047,1 357
10483 359
10483 360
10483 345
10493 346
’ 10493 348
10493 350
10503 355
10503 347

105130 349-

1051,11 252
1052,12 253
1053,13 254
1053,14 256
1054,15 265
1054,16.258
1054,17 262
1054,18 263
1054,19 264
1054, 20 251
1055 ,21 261
Δράματα ἢ
Κένταυρος
1056,1 267
1056,2 268. 713
1057,3 269
1057,4 271
1057,5 272
1057,6 270
1057,7 276
1058,8 274
1058, 9 273
1058,10 275
1058, 11 277
Δράματα ἢ
Νίοβος

Ι 10593 384

Μ Κ 1

10593 383
10593 379
10593 380
1059,5 381
10603 383
1061,7 385
- —- 278
Δράματα
1061,1 386
10633 387
10633 388
1062,4 292
10633 393
10633 391
-- — 289
— — 290

Εἰρήνη β
10653 397
10653 394
10663 395
10663 694
1068‚5 396
’Ἠρωεβ
1070,1 304

’ 10703 305

10713 306
1071,4 307
1071,5 398
1072,6 299
1073,7 300
10733 >301
1072,9 302
1073,10 303
1073‚11 308
1073,12 311
1073,13 310
1073,14 312
1074,15 313
1074, 16 314
1074,17 315
1074, 18 316
1074, 19 309
Θεσμοφορι-
άζουσαι β’
1076,1 317
335
10763 336
10763 318
1078,4 319
1078,5 321
1078,6 320
1082‚7 326
10833 339

 

 

XV
M K

10833 327
1083‚10 328
1083,11 322
1084‚12 323
1084,13 324
108434 335
108535 333
108636 334
108637 333
108638 330
108739 331
108730 337
108731 340 “
108733 341
1087,23 342
108734 343
108835 344
108836 388

et 907
1088‚27 339

Κώκαλος
10933 345
1093,3 347
1093,3 346
10933 348
10933 349
10943 351
1094,7 350
10953 353
10953 353
109530 354
109531 437
1095,12 355
Λήμνιαι

10983 356
10983 357
10983 358
1099,4 359
10993 363
1099‚6 364
1100,7 365
11003 368
11003 360
1100,10 361
1101,11 362
110133 366
1101,13 367
1102,14 370
1102‚15 371
1103,16 372
1103,17 369
1103,18 373
1103,19 374
1103,20 375

