X

M Κ

213422 443
214423 355
214424 356
214425 411
214426 357
214427 455
214428 409
215429 289
215430 397
215431 358
215432 417
215433 359
215434 438
215435 325
216436 412
2164379366
2164371451
217438 296
2174398274
218439ῑ>300
220440 333
221441 290
221442 305
222443 317
222444 340
223445 360
223446 393
223447 410
223448 341
224449 334
224450 361
224451 362
224452 308
225453 310
225454 291
225455 307
226456 292
226457 299
226458 326
227459 450
227460 363
227461 406
227462 364
58463 m. 401
229464 377
229,165 382
229466 384
229,167 391
229488 396
229469 365
230470 276
230471 349
231472 285
231,173 327

Ι

Μ Κ

231474 279
(175 deest)
231,176 277
231477 278
2324789318
2324787456
- - 448

- - 458
— - 460
-- - 461
Vxnv111346
Grates
Γείτονες
2334 1
234,2 2
234,3 6
2344 7
234,5 3
234,6 4
2344 5
’Ἡρωες
2354 8
235,2 9
235,3 10
2364 11
236,5 12
236,6 13
Θηρία
2374 15
238,2 14
239,3 17
2404 16
Λάμια
2404 18
241,2 19
241,3 20
2414 21
Μέτοικοι
242,- 22
Παιδιαί
2424 24
242,2 23
2434, . 25
Ῥήτορες
243,- 26
Σάμιοι
244,1 29
V xmx 27
V xmx 28
245,2 3ο
246,3 31
Τόλμαι
2464 33

CONSPECTUS

 

Μ Κ
246,2 32
246,3 35
2474 34
247,5 38
247,6 36
247,7 37

’Ἅδηλα
2484 m. 39
2483 m. 40
249,3 m. 41
2494 m. 44
249‚5 m. 42
249,6 m. 48
249,7 m. 50
249,8 m. 45
250,9 m. 46
25040 m. 47
25141 m. 49
25142 m. 51

. 25143 m. 56
25144111. 52
Ἷι1139 8 53
- —- 54
251,- 55

Pherecrates

Ἀγαθοί
2524 1
2534 2
254,3 4
2544 3

’Ἄγριοι
2544 10
2554 13
256,3 7
257,4 6
257,5 11
258,ss 12
2584 14
259,8 8
259,9 9
25940 16
26041 5
26042 15
V, 2643 17
V 1⁴1 18

Λῦτόμολοι
2614 23
262,2 24
263,3 19
2634 22
2634 27
263,6 28
Ι 2644 25

Μ K
264,8 20
265,9 29
265,10 26
26541 31
26542 21
V 52
05355‚89 30

Γρᾶες
2664 32
266,2 33
2673 36
2674 34
268,5 35
269,6 38
2694 37
Δουλοδιὸάσκ.
2694 45
27ο,2 39
27ο,3 44
2704 41.
271,5 40
271,6 47
2714 46
2728 42
272,9 43
272,10 48
27341 49
27342 50
’Ῑὼηλήσμων
2744 55
274,2 56
274,3 , 52
2754 51
275,5 54
276,6 57
2764 53

’lavde
2764 64
2773 58
278,3 65
2794 59
279,5 60
279,6 61
2794 62
280,8 63
280,9 66
Κοριαννώ
280,1 67
281,2 68
281,3 69
2824 70
283,5 79
284,6 71
2854 72

Μ Κ
285,8 78
2854
28540 75
28641 76
28642 78
28643 77
Κραπᾶταιοι
2874 80
287,2 84
287,3 88
2884 81
2884 85
289,6 86
2894 93
289,8 94
290,9 185
29140 ' 87
29141 97
29142 88
29243 82
292,14 92
29345 , 89
29346 96
29447 95
29548 90
29549 91
29640 98
296,21m. 81
‘ Λῆροι
2964 100 ,
2974 106
2974 102
2974 104
2985 101
298,6 107
2984 105
299,8 103
Marcelliis·
299‚1 108
305,2 109
306,3 110
3064 111

Miz-otum
309,-— 112
Μυρμηιιᾶνθο.
3104 123
311,2 120
311,3 113
3124 114
312,5 122
313,6 121
3134 115

1 313‚8 116

’14-

